134043
238203
253894
259368
315720
319143
342054
351042
352884
354234
355508
357642
357643
380274
389388
401554
409353
417195
422094
438954
446367
452352
462054
468753
478854
478905
480963
483834
485274
486759
494283
495649
508989
523479
526029
528408
538745
542715
551055
559689
569064
571233
585597
586338
588729
593184
594033
595440
597492
597882
607802
609634
609635
619758
619759
625735
626703
629733
637272
639064
642549
649857
650502
664563
668913
670032
685165
698115
705108
715292
715818
718794
726087
729924
732248
732249
736482
737148
739563
740484
742728
744105
744819
745994
746603
747591
749154
753948
755013
766644
768339
769878
771153
772562
773052
774212
782220
783768
783769
787434
789393
800604
802122
803604
806035
813903
815142
816144
822612
822645
824940
826845
829124
829125
831192
834612
837444
837680
845403
845765
847482
855321
881670
882789
885513
887689
891954
894243
894905
901262
903243
907554
907555
910314
911845
915210
917784
918434
928485
939144
939145
943368
952083
952833
953154
953379
959973
960752
960753
961608
970989
971905
973554
974763
977645
978327
984345
984696
984697
993642
994344
996092
